Taxon	SSFB	TOTB	SSFL	ISFB	MOL	SPL	ISFL	PSSFB	PISFB	GFL	GFB
D	28.68	64.78	44.56	39.0	52.0	51.28	53.1	21.5	38.0	17.6	11.8
G	158.5	264.64	149.35	127.6	181.74	248.65	216.7	92.7	134.48	61.28	38.46
G	121.11	211.76	117.54	120.33	148.11	188.34	161.1	82.79	120.22	54.81	32.72
G	95.53	207.02	90.62	119.31	127.12	174.22	171.81	71.09	103.87	43.01	30.17
G	93.44	185.94	94.94	103.81	130.95	178.62	161.84	70.63	103.16	44.12	28.93
G	98.1	199.82	95.56	111.39	136.39	175.58	169.92	75.59	109.86	49.13	30.16
G	106.66	189.04	103.29	95.38	137.23	187.09	157.8	81.91	94.8	40.38	28.34
G	98.2	183.51	98.7	92.85	133.35	181.72	167.39	73.45	90.16	46.32	29.2
G	136.88	265.06	125.35	138.15	174.71	243.25	225.54	101.13	120.58	59.77	38.67
G	129.29	256.21	121.53	137.18	181.34	238.66	216.64	100.64	136.55	59.54	35.74
G	135.47	261.07	128.64	139.59	179.1	235.7	220.07	95.07	142.35	52.92	38.58
G	136.74	249.74	136.38	128.5	184.16	246.46	220.94	94.53	132.36	59.38	40.39
G	26.28	52.15	30.86	32.31	46.68	51.49	45.75	20.04	31.01	15.97	9.4
G	37.92	64.69	36.33	40.14	50.78	54.86	46.99	21.26	38.68	18.72	10.93
G	30.71	53.68	31.76	31.4	48.67	54.48	46.06	20.56	30.5	15.4	9.09
G	38.01	64.33	34.46	34.91	49.73	60.79	52.19	24.69	34.6	17.42	10.8
G	36.66	62.06	34.28	35.93	46.25	54.54	44.48	22.13	35.76	16.55	9.96
G	83.75	146.77	82.32	80.03	107.46	131.82	115.83	54.26	79.39	36.04	25.23
G	87.45	149.38	77.05	87.32	108.92	129.62	113.39	58.01	86.88	33.91	25.15
G	70.46	128.12	71.89	75.7	100.67	121.59	107.0	46.24	75.13	29.5	23.08
G	43.34	82.28	43.72	51.03	61.54	69.83	60.86	31.44	50.17	21.01	13.87
G	54.19	94.23	55.39	50.2	74.77	85.86	80.33	37.58	49.0	20.99	16.39
G	60.71	117.0	60.71	64.57	87.92	103.12	97.68	47.5	61.77	24.59	18.82
G	61.95	110.4	64.25	57.27	91.1	108.1	105.96	41.52	58.31	29.28	18.94
G	92.92	170.6	85.47	90.45	108.6	134.43	126.06	64.8	88.33	36.89	25.97
G	40.54	73.26	41.18	40.11	57.48	66.79	60.58	29.5	39.66	20.17	12.18
G	50.78	91.46	46.49	50.14	63.45	78.18	70.59	32.65	50.11	20.82	14.76
G	74.26	133.36	74.22	75.52	98.78	122.94	112.36	50.47	72.37	34.61	21.69
G	63.38	111.88	61.1	61.7	87.87	104.58	94.93	46.82	61.48	26.68	17.86
G	71.34	144.35	74.97	79.97	104.62	129.45	126.58	54.2	78.93	29.95	22.53
G	59.61	103.21	61.41	56.2	84.87	99.74	91.88	40.65	55.43	26.82	17.98
G	53.14	97.61	53.52	52.41	77.57	88.22	87.23	37.38	50.79	22.31	16.63
G	57.68	110.49	56.14	62.17	78.65	93.71	87.02	44.94	62.3	27.53	19.44
G	44.96	81.24	46.72	44.46	63.46	77.33	66.69	32.76	43.13	23.33	14.15
G	73.33	127.55	71.21	75.14	95.84	113.21	95.83	50.93	74.97	28.97	20.46
G	62.0	110.07	63.63	62.75	84.96	94.57	87.48	39.51	61.28	28.53	18.31
G	55.17	100.86	56.71	54.16	83.13	92.11	84.74	41.18	53.51	23.91	17.84
G	60.41	92.77	55.49	47.1	72.01	78.83	68.48	36.69	46.58	21.47	15.59
G	77.36	137.34	73.22	73.34	93.9	115.43	109.02	57.01	72.51	32.43	22.28
G	78.87	152.93	73.87	85.99	102.74	122.48	129.95	55.98	85.32	32.72	25.22
G	80.8	151.82	86.4	88.71	120.82	145.24	128.56	59.64	88.18	37.71	26.46
G	49.26	83.5	49.26	46.42	67.34	75.52	65.62	32.09	46.94	22.93	15.64
G	76.39	139.51	77.1	79.33	106.69	128.3	113.53	52.44	79.92	31.57	21.87
G	60.39	121.28	64.91	72.47	94.21	109.74	104.43	46.56	71.5	29.87	20.71
G	66.83	120.81	63.66	65.66	95.67	111.94	107.07	45.78	62.69	27.28	20.99
G	55.74	101.9	53.31	56.85	72.46	88.12	81.65	37.82	54.98	22.5	16.94
G	77.56	148.69	83.67	81.52	111.08	136.98	131.03	56.49	81.16	34.58	23.55
G	91.8	177.95	94.64	105.32	130.72	172.0	163.53	69.83	105.09	43.09	27.22
G	69.64	124.15	68.11	66.45	90.61	108.46	105.23	48.91	65.6	27.45	21.92
G	61.22	115.38	60.79	63.0	85.13	101.19	95.55	45.79	63.13	27.5	18.86
G	89.84	145.33	87.85	72.13	110.77	131.8	117.08	56.44	72.18	34.68	25.02
G	59.24	108.09	56.27	62.19	80.07	92.18	79.73	42.11	61.41	23.9	17.77
G	59.18	116.5	59.35	64.97	83.18	99.42	97.79	43.0	64.39	29.19	19.13
G	53.74	96.38	52.85	54.86	72.05	78.97	75.77	36.71	54.42	22.28	15.24
G	34.62	61.01	34.89	35.49	45.84	53.2	47.5	20.67	35.55	15.65	9.85
H	49.93	160.12	71.15	121.02	97.15	134.52	134.41	42.35	123.01	39.29	26.9
H	36.94	122.48	65.71	94.19	95.98	125.01	124.58	30.86	92.2	33.16	24.76
H	46.64	142.11	74.25	107.03	102.41	139.32	125.62	40.28	107.22	32.98	24.25
H	44.62	134.5	65.18	105.66	86.51	119.27	112.42	36.34	103.38	33.56	21.62
H	53.69	168.16	78.03	131.02	107.82	151.8	146.61	49.87	131.42	42.55	31.11
H	52.85	145.56	73.06	104.67	98.0	135.44	124.3	50.8	100.12	36.95	22.3
H	51.34	155.87	70.15	123.03	96.81	130.8	129.06	42.85	123.49	36.92	28.91
H	47.89	148.59	67.64	113.57	97.83	124.86	127.87	38.06	108.94	35.26	25.13
H	54.52	152.15	76.07	110.36	108.12	137.64	140.2	51.22	109.84	36.62	26.56
H	45.33	148.33	72.31	111.67	101.93	130.43	133.06	43.55	109.37	38.59	25.22
H	33.77	123.08	54.87	98.1	81.95	102.84	102.92	31.37	97.9	32.05	22.31
H	28.29	74.94	40.3	56.85	56.52	65.72	52.93	20.27	57.63	23.37	13.96
H	12.29	33.74	19.91	28.71	26.08	28.26	21.03	9.08	28.05	9.77	6.74
H	12.95	34.57	20.11	29.3	27.17	30.58	21.74	10.28	27.91	10.0	6.66
H	21.47	74.36	39.74	60.06	51.26	61.22	56.02	16.66	62.51	19.59	11.92
H	27.83	90.06	44.51	71.325	62.35	80.81	66.36	24.07	70.13	25.28	15.88
H	55.81	151.39	77.63	114.31	101.57	129.79	131.67	47.69	112.95	40.36	27.7
H	26.0	79.16	39.23	64.23	52.36	63.82	56.82	20.43	63.56	20.15	14.33
H	21.75	53.62	30.4	41.52	38.86	45.7	34.3	16.97	41.12	16.79	11.2
H	17.97	52.1	26.46	41.19	34.66	42.44	33.37	15.35	39.93	13.3	9.45
H	26.18	62.82	32.5	47.96	42.64	50.62	43.18	18.73	49.0	17.04	12.86
H	22.87	63.54	34.15	49.86	44.25	52.07	44.93	17.25	50.52	16.35	11.71
H	23.18	64.27	34.19	51.86	46.22	55.68	40.51	18.61	51.37	17.72	11.91
H	20.75	60.7	33.42	47.47	45.15	51.4	43.83	15.51	47.09	17.32	11.48
H	22.66	70.5	34.74	56.13	47.0	52.16	46.1	18.65	55.41	20.65	12.35
H	20.7	49.7	29.29	38.31	36.75	42.93	33.34	16.8	37.08	20.2	10.54
H	22.81	69.14	35.9	55.03	50.03	60.25	48.47	18.75	54.34	19.44	12.97
H	17.31	63.07	25.52	55.9	44.45	52.39	43.48	15.58	54.22	16.46	11.0
H	15.77	52.91	25.14	44.32	36.22	42.91	38.51	14.1	44.16	15.13	10.39
H	25.51	72.0	34.4	56.27	46.76	56.25	50.78	19.46	56.81	17.49	11.23
H	27.0	78.48	39.79	59.05	54.1	60.58	56.35	22.0	60.01	19.67	12.27
H	18.79	67.57	31.55	54.07	43.59	51.29	49.97	18.94	54.39	17.0	11.37
H	26.53	79.59	39.09	60.83	51.13	62.41	57.28	22.74	59.94	20.81	13.13
H	25.15	65.47	34.56	49.18	44.03	55.6	48.17	18.2	49.39	16.42	10.64
H	24.81	67.81	36.83	51.1	50.24	60.71	55.1	19.59	51.25	18.45	13.16
H	15.72	47.29	24.36	41.21	34.81	40.66	29.67	12.69	39.94	15.39	8.85
H	21.74	71.59	31.02	57.88	45.0	55.68	52.42	17.28	59.82	16.97	11.65
H	19.9	68.26	37.0	57.0	46.64	55.35	49.37	17.32	55.92	17.47	12.54
H	21.2	58.93	29.47	47.59	39.31	47.22	38.67	18.34	45.23	16.89	10.02
H	13.22	46.56	22.06	39.33	37.08	43.66	33.09	11.58	39.11	13.72	9.62
H	19.48	54.18	28.43	45.8	40.32	47.64	37.69	14.97	45.05	16.99	10.68
H	24.47	62.06	33.01	46.89	42.78	51.63	42.02	19.82	47.24	14.96	10.67
H	18.54	60.62	27.18	45.8	43.36	53.38	47.03	16.07	48.45	15.92	12.58
H	18.25	48.95	25.97	39.06	37.45	43.45	39.17	15.82	38.31	14.31	8.4
H	26.46	62.37	29.75	48.98	43.75	45.82	42.47	20.35	49.65	16.18	12.32
H	27.5	83.175	39.445	63.255	55.59	68.25	66.445	23.32	63.705	20.25	13.555
P	75.34	168.75	75.91	101.72	100.92	140.45	161.0	54.04	84.9	34.84	24.92
P	71.26	147.28	70.99	77.91	98.56	131.73	148.32	43.18	61.32	32.69	21.83
P	69.15	146.09	70.86	85.64	98.74	130.46	143.21	51.06	71.95	35.39	23.6
P	70.48	172.08	67.05	114.83	95.06	130.01	158.65	59.38	81.07	34.78	26.42
P	82.9	165.96	83.27	88.54	107.42	144.71	150.78	58.96	75.43	37.2	23.75
P	67.32	131.36	64.44	71.67	83.48	104.31	117.35	47.57	59.18	30.45	20.83
P	74.54	158.0	76.13	87.46	101.4	135.51	140.48	55.07	67.51	35.46	22.4
P	77.43	138.37	80.69	70.61	102.22	136.73	130.44	57.44	60.45	37.56	24.2
P	81.71	149.4	82.1	75.54	107.46	140.42	149.12	51.67	58.93	34.18	23.44
P	73.97	151.08	76.3	82.66	107.79	143.33	145.14	54.62	72.11	36.91	23.45
P	28.37	55.83	28.4	29.54	37.97	48.98	47.62	19.1	22.16	15.37	9.78
P	29.69	47.49	29.09	23.13	41.22	49.83	41.1	17.63	19.92	11.39	8.35
P	30.87	53.47	33.81	25.77	45.88	56.57	50.6	16.8	22.89	16.46	10.1
P	27.51	51.65	30.02	28.11	39.23	47.26	45.37	16.29	22.78	14.89	9.84
P	36.88	64.45	39.37	32.07	49.62	60.79	58.86	22.67	28.78	16.92	10.83
P	27.57	49.76	30.17	25.2	38.06	44.78	44.76	16.2	21.31	14.18	9.1
P	33.08	58.1	34.74	30.87	44.26	53.72	53.39	20.77	24.87	16.95	9.93
P	25.94	57.38	29.28	32.78	40.75	45.81	52.59	19.84	24.31	17.0	11.73
P	53.13	99.15	54.73	51.4	65.57	86.98	86.32	33.23	37.08	23.0	15.37
P	50.71	97.14	51.62	53.06	62.55	75.7	86.84	34.65	38.02	23.41	15.35
P	54.35	106.03	58.85	59.53	76.51	93.35	96.66	37.42	47.93	28.05	18.06
P	48.38	83.62	49.96	41.19	65.94	79.76	77.43	26.05	35.81	19.99	15.35
P	51.19	99.98	54.23	55.3	65.05	84.57	92.56	32.43	39.78	21.33	16.17
P	63.34	111.18	56.37	58.21	71.09	90.38	91.72	43.34	47.94	23.27	16.35
P	36.37	63.21	35.79	35.09	48.18	56.75	55.45	21.9	31.06	17.96	12.37
P	48.54	85.08	49.01	41.66	62.65	72.0	76.17	28.94	33.58	20.2	14.97
P	48.23	92.81	50.74	50.52	65.83	82.12	84.32	35.19	37.34	23.36	15.92
P	57.79	102.59	59.55	51.87	72.14	90.38	85.77	34.16	40.71	21.84	16.88
P	53.38	97.53	57.19	47.12	74.5	92.83	94.57	30.15	39.29	22.19	16.06
P	51.65	89.24	54.0	47.58	67.17	81.69	82.17	28.56	35.88	20.28	15.62
P	52.55	92.0	54.09	46.06	71.03	86.43	85.08	27.66	35.81	22.58	15.61
P	46.52	98.17	47.92	57.6	65.47	88.73	88.83	26.74	44.06	21.37	17.88
P	46.96	90.42	47.72	46.82	62.96	78.3	82.9	26.84	33.95	20.62	14.74
P	48.24	80.43	49.31	38.65	57.82	71.55	71.16	22.58	31.83	20.49	14.43
P	46.59	76.4	46.55	38.48	58.51	72.36	69.17	24.53	32.21	18.31	14.57
P	47.18	88.14	46.63	46.1	61.28	75.97	75.09	28.9	35.28	19.95	15.15
P	56.12	103.46	54.17	54.99	69.65	85.85	92.38	36.06	40.9	20.8	16.27
P	44.53	86.69	46.61	45.38	65.33	81.27	79.7	25.33	33.88	22.91	16.4
P	51.42	89.28	48.61	46.33	63.98	79.5	77.7	28.82	36.48	20.46	15.11
P	55.05	90.1	58.77	42.93	76.05	88.8	85.92	27.01	41.23	20.67	17.05
P	57.13	110.39	58.27	57.6	75.46	91.73	98.34	34.93	42.64	22.31	19.17
P	54.38	109.4	56.19	58.72	74.66	89.87	98.22	34.7	43.16	23.21	18.4
P	45.55	87.17	51.33	45.56	66.63	81.34	85.99	26.55	32.67	22.42	16.56
P	39.99	77.0	38.35	41.93	51.28	62.5	66.52	23.47	30.61	19.45	13.13
P	46.17	78.7	47.31	35.02	57.52	70.72	73.89	24.81	25.87	17.89	12.8
P	56.12	96.62	53.19	47.1	68.94	82.01	86.56	36.24	38.0	22.69	16.35
P	53.21	97.06	49.07	50.46	66.02	79.55	82.86	34.52	41.35	23.31	16.18
P	45.28	79.54	45.84	37.96	57.8	70.23	69.55	28.83	30.37	17.95	12.34
P	53.54	96.82	55.53	50.05	71.46	89.6	88.41	30.94	40.78	22.13	17.5
P	47.13	95.08	51.99	52.04	70.85	91.05	93.39	32.97	39.83	22.76	16.63
P	50.62	83.26	51.73	39.78	66.47	81.33	81.6	30.67	31.48	20.64	15.34
P	51.24	103.55	50.88	56.36	65.41	80.91	87.44	29.79	42.18	22.64	16.72
P	58.72	93.33	56.69	43.74	72.0	87.16	80.75	28.65	36.82	22.38	15.63
P	53.82	96.03	52.75	46.09	64.58	75.01	85.7	28.97	34.73	20.2	14.88
P	52.08	105.79	53.9	59.14	70.82	89.21	93.53	35.34	46.45	25.12	17.69
P	36.53	65.92	39.0	32.39	50.98	58.06	63.1	20.19	24.1	16.63	10.89
P	33.0	58.54	34.9	28.77	46.61	56.23	56.64	16.75	24.11	15.72	10.57
P	38.4	65.62	39.86	33.44	49.97	59.1	57.67	20.23	27.09	15.72	11.09
