individual	Taxon	Habitat	ACF	APD	B	DistRad	DMTD	DTArea	LML	MIN	MML	PMTD	ProxRad	PTArea	WAF	WAT
AMNH81690	Aepyceros_melampus	LC	384.72	6.89	15.16	9.22	1.78	553.14	35.78	28.04	34.39	6.33	10	915.5	21.39	21.83
AMNH82050	Aepyceros_melampus	LC	NA	6.09	14	8.73	1.64	558.17	35.46	27.28	33.18	6.54	10.5	841.79	22.47	21.11
AMNH83534	Aepyceros_melampus	LC	NA	6.14	17.22	9.19	1.7	554	39.15	29.99	36.94	7.63	10.65	976.25	22.07	21.54
AMNH85150	Aepyceros_melampus	LC	NA	5.8	15.27	8.85	1.72	498.67	36.61	28.02	34.09	6.97	10	841.71	22.55	21.03
AMNH233038	Alcelaphus_buselaphus	O	607.83	7.46	18.47	11.33	2.26	900.76	45.25	36.03	43.55	6.83	13.85	1557.05	28.98	27.07
AMNH34717	Alcelaphus_buselaphus	O	465.91	6.56	15.47	9.79	1.78	649.47	36.81	30.8	35.95	4.28	10.91	1139.5	24.04	25.84
AMNH34725	Alcelaphus_buselaphus	O	727.85	8.11	18.48	13.53	3.03	1267.33	50.48	39.8	47.71	7.69	16.14	1765.78	31.37	31.66
AMNH82033	Alcelaphus_buselaphus	O	662.8	7.57	15.97	12.12	3.07	1015.48	45.01	35.54	42.3	6.56	14.26	1372.77	28.7	29.39
AMNH82159	Alcelaphus_buselaphus	O	733.39	7.59	18.13	13.13	2.76	1051.47	48.56	37.24	46.06	8.61	15	1762.3	31.41	32.21
AMNH88406	Beatragus_hunteri	O	561.05	7.81	15.07	11.5	2.13	766.58	42.22	32.56	39.69	7.8	13.32	1343.08	27.92	28.04
AMNH88407	Beatragus_hunteri	O	568.98	7.6	15.62	11	2.23	747.09	41.99	31.86	38.5	7.95	12	1158.33	27.35	26.42
AMNH88408	Beatragus_hunteri	O	539.23	7.9	15.76	11.1	2.13	767.03	42.13	32.06	38.83	7.77	12.15	1259.46	27.77	27.73
AMNH81716	Connochaetes_gnou	O	666.87	7.18	18.8	11.78	2.16	884.39	45.01	36.63	43.55	6.35	13.2	1400.92	30.08	30.09
AMNH81720	Connochaetes_gnou	O	720.09	8.51	18.74	12.5	2.11	975.93	47.21	36.64	44.8	8.2	13.88	1558.15	29.73	29.36
AMNH81722	Connochaetes_gnou	O	NA	7.89	19.05	13	2.52	1279.99	50.11	39.94	47.61	8.3	15.5	1841.1	33.3	32.91
AMNH27824	Connochaetes_taurinus	O	830.43	10.04	22.12	13.65	2.86	1168.62	53.56	41.78	50.93	8.91	15.32	2176.18	33.75	33.52
AMNH54133	Connochaetes_taurinus	O	920.67	11.09	22.41	14.74	2.27	1437.42	55.8	45.55	53.61	7.95	16.77	2322.19	36.02	36.28
AMNH83502	Connochaetes_taurinus	O	934.64	9.51	20.55	14	3.08	1300.37	54.38	42.84	51.58	8.46	17.34	2315.56	34.14	35.32
AMNH83503	Connochaetes_taurinus	O	843.81	9.02	18.92	14.5	2.6	1385.45	51.98	41.55	49.21	7.83	15.84	2068.94	33.96	34.65
AMNH113781	Damaliscus_lunatus	O	NA	7.56	19.18	12.19	2.39	984.22	48.57	37.33	46.13	8.91	14.88	1634.64	33.76	31.23
AMNH34729	Damaliscus_lunatus	O	689.95	11.54	19.21	12.5	3.7	1124.34	49.17	37.13	45.56	8.29	13.85	1467.76	30.31	31.07
AMNH34730	Damaliscus_lunatus	O	770.87	13.27	20.27	12.78	2.46	1084.13	51.08	40.66	48.72	8.04	15.79	1769.59	32.41	31.72
AMNH82035	Damaliscus_lunatus	O	763.1	8.69	18.77	12	2.52	1029.66	46.56	36.19	44.12	7.64	13.63	1534.64	28.78	30.18
AMNH42953	Damaliscus_pygargus	O	428.02	6.47	14.8	9.5	1.81	575.67	36.23	28.38	34.52	6.06	10.5	946.73	22.5	23.01
AMNH81727	Damaliscus_pygargus	O	422.62	5.89	15.06	10.5	1.97	686.85	38.14	29.84	36.55	6.41	11.24	974.27	23.64	24.26
AMNH81729	Damaliscus_pygargus	O	393.01	6.69	14.81	9.6	1.86	651.2	36.81	29.69	35.51	5.28	11.07	974.33	22.79	23.75
AMNH81787	Damaliscus_pygargus	O	428.4	5.73	14.49	10.14	2.34	668.74	37.44	29.43	35.44	5.7	11	961.07	22.77	23.96
AMNH17276	Sigmoceros_lichtensteinii	O	810.75	7.22	18.44	13.31	2.43	1311.7	51.83	40.85	47.63	8.55	16.09	1848.67	33.94	32.59
AMNH216382	Sigmoceros_lichtensteinii	O	NA	6.9	20.31	13.5	3.18	1130.59	52.89	39.73	48.63	9.87	14.82	NA	31.27	33.68
AMNH216383	Sigmoceros_lichtensteinii	O	NA	7.75	19.4	13.75	3	1141.29	51.81	39.69	47.71	9.15	14.72	1842.76	32.28	32.99
AMNH81740	Antidorcas_marsupialis	O	NA	3.98	11.78	7.72	1.29	416.43	30.66	23.72	28.52	5.71	9	651.28	20.03	19.13
AMNH81745	Antidorcas_marsupialis	O	253.21	6.12	12.78	7.61	1.81	414.86	30.55	23.83	28.69	5.03	8.43	605.17	18.3	18.55
AMNH83549	Antidorcas_marsupialis	O	NA	5.08	11.94	7.32	1.65	350.41	31.02	24.06	28.2	5.48	9.06	613.04	18.41	18.21
AMNH83550	Antidorcas_marsupialis	O	NA	4.07	11.86	7.42	1.28	377.72	28.7	23.61	27.46	3.85	8.16	557.37	18.72	18.59
AMNH35527	Antilope_cervicapra	O	298	5.5	13.03	8.37	1.5	463.99	32.49	25.98	30.83	4.91	9.5	729.66	19.93	20.19
AMNH35957	Antilope_cervicapra	O	247.31	5.61	13.31	7.83	1.6	428.49	32.5	25.43	30.6	5.44	9.5	671.99	18.84	18.32
AMNH54486	Antilope_cervicapra	O	323.46	5.04	14.52	7.8	1.68	482.38	33.9	27.03	31.75	5.22	9.63	756.46	20.09	19.54
AMNH81997	Eudorcas_thomsonii	O	203.17	3.56	10.77	6.5	1.58	298.57	26.33	20.29	24.61	4.47	7.34	464.71	15.88	16.05
AMNH82059	Eudorcas_thomsonii	O	NA	4.63	10.21	6.21	1.32	255.73	25.74	19.6	23.54	4.89	7.17	429.5	15.14	15.01
AMNH82060	Eudorcas_thomsonii	O	NA	4.4	9.76	6.25	1.58	263.93	26.05	19.64	23.68	4.82	7.67	462.36	16.19	16.05
AMNH88415	Eudorcas_thomsonii	O	NA	4.68	10.59	6.09	1.57	218.75	25.58	19.47	23.3	4.71	6.71	384.13	14.5	14.21
AMNH54506	Gazella_gazella	O	188.86	3.21	10.38	5.77	1.15	253.23	24.71	18.85	22.5	4.59	6.4	356.57	15.55	14.04
AMNH54997	Gazella_gazella	O	181.68	3.58	10.46	6.27	1.45	252.81	24.95	19.53	23.13	4.11	6.57	380.63	15.35	14.97
AMNH54998	Gazella_gazella	O	160.95	4.68	9.91	5.88	1.31	247.24	23.76	18.23	22.25	4.29	6.7	356.71	14.37	14.08
AMNH81170	Litocranius_walleri	LC	NA	5.51	14.24	9	2.35	502.91	35.07	26.57	32.23	6.08	9	713.32	21.56	21.66
NMNH164031	Litocranius_walleri	LC	289.1	NA	14.24	7.23	1.93	NA	32.21	25.11	30	5.1	8.5	NA	19.53	18.41
NMNH164033	Litocranius_walleri	LC	284.68	4.97	13.56	7.84	1.91	427.83	32.33	25	29.73	5.36	8.5	683.43	20.42	18.99
NMNH259457	Litocranius_walleri	LC	265.94	3.6	13.79	8.6	2.65	432.96	33.77	24.48	31.25	6.64	8.81	702.85	20.48	19.43
AMNH187824	Madoqua_kirkii	HC	NA	2.21	7.73	3.5	0.85	83.88	15.13	12.54	15.13	1.75	3.85	131.65	8.84	8.67
AMNH82076	Madoqua_kirkii	HC	NA	2.49	8.27	4.08	1.09	112.71	17.01	14.13	16.54	1.93	4.21	143.26	9.21	9.43
NMNH538104	Madoqua_kirkii	HC	NA	2.33	7.59	4.04	1.04	97.1	17.48	13.86	16.32	2.73	4.54	149.02	9.53	9.97
NMNH538106	Madoqua_kirkii	HC	74.03	2.6	7.93	4.2	1.14	120.43	17.58	14.11	16.66	2.35	4.62	154.67	9.62	9.54
NMNH541419	Madoqua_kirkii	HC	NA	2.51	7.85	4.17	1.11	109.21	17.81	14.35	16.9	2.39	4.74	151.13	9.39	9.43
AMNH82051	Nanger_granti	O	NA	5.58	14.81	9	1.52	530.88	36.8	28.58	34.35	6.71	10.5	910.73	22.03	22.65
AMNH82056	Nanger_granti	O	NA	5.59	14.06	9	1.6	528.96	36.13	28.17	33.03	6.62	10	858.96	21.98	21.91
AMNH82057	Nanger_granti	O	NA	5.49	13.73	9	1.85	529.93	36.01	27.49	32.36	6.85	9.66	860.86	22.71	22.1
AMNH85152	Nanger_granti	O	368.82	4.69	14.25	8.32	1.45	492.6	34.58	26.73	31.86	6.26	9.42	735.36	20.6	20.39
AMNH80111	Nanger_soemmerringii	O	NA	5.17	12.47	7.27	1.55	456.37	31.81	24.17	28.74	6.29	9.2	520.12	17.76	18.77
NMNH582229	Nanger_soemmerringii	O	320.21	3.94	14.08	8.2	2.14	463.46	34.48	26.79	32.19	5.65	NA	777.71	20.71	21.44
AMNH53180	Neotragus_batesi	F	60.78	2.12	7.28	3.15	0.76	86.79	14.72	11.87	14.06	2.08	3.45	95.68	8.24	8.47
AMNH53181	Neotragus_batesi	F	53.8	1.77	6.42	3.1	0.68	87.8	13.68	10.94	13.2	2.05	3.67	94.12	8.09	8.34
AMNH53946	Neotragus_batesi	F	61.79	2.26	6.77	2.9	0.66	77.17	13.67	10.82	13.17	2.15	3.58	105.05	8.25	8.22
AMNH88426	Neotragus_moschatus	F	NA	2.44	6.6	3.25	0.72	83.7	15.06	11.48	13.68	2.88	3.85	122.09	8.64	8.33
AMNH88427	Neotragus_moschatus	F	NA	1.88	7.09	3.27	0.61	97.35	14.82	11.95	14.17	2.27	3.95	122.09	9.17	9.52
NMNH367449	Neotragus_moschatus	F	76.17	2.61	8.16	3.85	0.51	99.47	16.91	13.85	16.32	2.6	4.45	167.4	10.5	10.19
AMNH216387	Ourebia_ourebi	LC	170.83	8.32	11.61	5.78	1.2	274.38	27.17	21.43	24.8	4.26	7.57	392.9	15.95	15.85
AMNH53304	Ourebia_ourebi	LC	NA	3.15	10.91	5.71	1.24	262.1	24.98	20.3	23.34	3.58	6.72	360.38	14.35	14.47
AMNH53328	Ourebia_ourebi	LC	NA	3.31	10.57	5.66	1.07	239.87	25.66	19.69	22.37	4.95	6.14	357.56	14.54	13.93
AMNH216389	Raphicerus_campestris	LC	NA	3.87	11.09	5.36	1.41	178.64	23.27	18.17	21.54	3.76	5.38	318.55	12.9	12.94
AMNH233047	Raphicerus_campestris	LC	137.24	4	10.25	4.84	1.11	201.13	21.88	17.06	20.31	3.73	5.38	291.58	12.15	12.45
AMNH34728	Raphicerus_campestris	LC	NA	3.12	10.03	4.63	1.09	170.29	21.58	17.17	20.25	3.38	5.61	285.59	12.76	12.97
AMNH80538	Raphicerus_campestris	LC	NA	4.34	10.58	5	0.97	201.48	23.49	18.4	21.44	4.18	6	355.25	14.03	13.46
AMNH54765	Bubalus_bubalis	NA	NA		39.29	23	6.06	NA	97.12	72.79	88.19	18.52	26.5	NA	62.16	60.58
AMNH54766	Bubalus_bubalis	NA	NA		35.19	21.5	5.25	NA	91.4	70.13	82.84	15.94	26.65	NA	59.68	59.46
AMNH53583	Syncerus_caffer	LC	NA		30.17	14	3.83	NA	66.16	51.54	62.95	10.86	19.15	NA	43.45	41.08
AMNH82005	Syncerus_caffer	LC	NA		30.16	20.86	4.48	NA	82.58	62.79	74.11	14.86	23.5	NA	54.19	57.32
AMNH82006	Syncerus_caffer	LC	NA		32.66	20.82	5.51	NA	85.08	64.88	76.27	14.62	23	NA	53.64	55.45
AMNH82009	Syncerus_caffer	LC	1755.18	15.01	33.43	18.5	2.84	2756.81	79.42	63.37	73.97	12.91	22.5	4187.03	50.42	51.31
AMNH53519	Taurotragus_derbianus	HC	2033.43	NA	29.69	19.25	3.35	NA	78.65	63.28	73.19	11.84	25	4413.41	51.55	52.8
AMNH53521	Taurotragus_derbianus	HC	1660.85	NA	31.78	17.65	3.57	NA	74.96	59.94	69.76	11.51	21.23	3783.87	48.52	48.52
AMNH53522	Taurotragus_derbianus	HC	1581.85	NA	30.47	18.13	3.81	2374.88	78.28	61.57	71.43	12.88	23.19	4109.68	48.8	48.82
AMNH53523	Taurotragus_derbianus	HC	1664.16	NA	31.84	19	4.14	2239.98	79.26	63.23	73.75	11.95	23.5	4011.52	51.82	49.46
AMNH27811	Taurotragus_oryx	LC	1713.95	NA	30.61	20	4.87	2779.18	76.96	60.22	72.37	11.94	23.2	4082.54	51.2	49.04
AMNH34722	Taurotragus_oryx	LC	1422.22	NA	28.45	17.38	3.77	2178.15	70.3	55.54	65.82	10.92	20.5	3350.05	47.47	44.55
AMNH54386	Tragelaphus_angasii	HC	473.29	8.41	18.57	8.87	1.34	702.24	42.39	33.47	38.77	7.33	11.88	1164.27	26.41	25.3
AMNH54387	Tragelaphus_angasii	HC	622.42	7.84	17.91	10.22	1.85	879.26	45.18	36.13	40.66	7.2	12.88	1387.05	27.12	28.7
AMNH54390	Tragelaphus_angasii	HC	501.8	7.12	17.82	9.38	2.09	717.95	43.98	34.35	39.63	7.48	12.82	1174.23	25.62	26.77
AMNH81002	Tragelaphus_buxtoni	F	1042.27	NA	26.11	13.28	2.28	1464	59.68	49.18	56.59	8.53	17.61	2260.62	38.47	38.36
AMNH81003	Tragelaphus_buxtoni	F	827.34	NA	25.89	11.5	1.55	985.83	54.83	45.94	53.27	7.34	16.15	1931.86	33.26	35.07
AMNH81004	Tragelaphus_buxtoni	F	1050.43	NA	26.18	13.5	2.36	1655.98	61.29	50.1	57.54	8.98	18.15	2319.87	37.8	40.13
AMNH81014	Tragelaphus_buxtoni	F	817.05	8.03	25.21	11.79	1.66	1289.64	54.17	44.81	52.67	7.12	16.18	1845.88	32.34	33.44
AMNH81033	Tragelaphus_buxtoni	F	NA		26.04	11.33	2.68	NA	54.32	44.55	52.47	7.21	15.5	NA	32.48	33.63
AMNH53271	Tragelaphus_eurycerus	F	980.13	NA	26.84	13.5	3.52	1518.47	61.24	48.51	57.72	9.07	17.5	2411.93	35.73	37.4
AMNH53279	Tragelaphus_eurycerus	F	1031.26	NA	26.44	13.23	3.63	1383.78	61.56	48.32	57.87	9.61	18.5	2520.69	37.41	38.55
AMNH53280	Tragelaphus_eurycerus	F	1114.05	NA	28.1	14.68	3.63	1464.37	64.97	52.4	60.18	9.02	17.78	2719.16	38.83	40.64
AMNH36416	Tragelaphus_imberbis	HC	493.53	7.67	19.83	10.2	2.53	881.56	45.67	34.64	42.21	8.65	12.23	1263.27	27.13	26.86
AMNH36417	Tragelaphus_imberbis	HC	462.19	6.17	18.29	9.57	2.25	766.77	41.27	31.83	38.93	7.25	11.25	1035.2	25.27	24.82
AMNH82019	Tragelaphus_imberbis	HC	542.22	8.44	20.89	11.13	2.69	805.1	48.33	36.97	45.41	8.78	13.5	1438.96	28.44	28.85
AMNH82023	Tragelaphus_imberbis	HC	454.12	6.3	19.45	8.79	2.02	690.02	41.85	32.55	39.2	7.42	11.23	1083.11	24.45	24.72
AMNH187806	Tragelaphus_scriptus	F	258	4.37	13.97	6.86	1.79	337.02	31.53	24.12	29.3	5.69	8.65	624.43	18.57	17.61
AMNH216371	Tragelaphus_scriptus	F	305.6	4.84	15.66	7	1.18	401.89	33.59	27.77	32.04	4.66	9.62	688.77	19.84	20.09
AMNH88425	Tragelaphus_scriptus	F	375.52	5.12	15.67	8.07	1.16	538.71	37.22	30.35	34.62	5.72	11	882.33	21.73	22.56
AMNH53209	Tragelaphus_spekii	HC	668.87	7.15	22.77	11	2.46	1132.15	48.93	40.05	46.97	6.45	13.5	1627.85	29.6	31.82
AMNH53212	Tragelaphus_spekii	HC	647.28	5.24	21.58	9.73	1.48	950.17	46.74	37.18	42.67	7.87	11.26	1309.3	27	30.09
AMNH53213	Tragelaphus_spekii	HC	434.5	5.61	16.59	8.35	2.06	653.81	38.76	31.06	36.35	5.72	11.36	948.72	23.44	24.57
AMNH53216	Tragelaphus_spekii	HC	487.76	7.18	17.61	8.86	2.62	710.38	40.58	31.84	38.41	6.16	12.5	1108.21	22.61	25.28
AMNH233027	Tragelaphus_strepsiceros	HC	1054.36	NA	24.51	13.38	2.51	1580.77	60.85	48.33	55.28	10.05	17.86	2401.12	38.35	38.36
AMNH70328	Tragelaphus_strepsiceros	HC	733.17	NA	23.37	12.5	2.74	1050.71	54.79	43.61	50.29	8.46	15.5	1859.71	35.21	34.91
AMNH70328a	Tragelaphus_strepsiceros	HC	NA		22.27	12.21	2.64	NA	54.57	43.49	49.83	8.64	15.65	NA	35.08	34.01
AMNH82017	Tragelaphus_strepsiceros	HC	828.68	NA	24.27	13.23	3.81	1354.81	57.07	44.26	53.94	9.15	16.79	2093.6	36.02	34.63
AMNH16048	Ammotragus_lervia	NA	440.11	12.09	15.54	9.8	1.84	585.32	36.72	30.74	35.94	4.13	10.87	1121.71	23.71	25.56
AMNH90234	Rupicapra_rupicapra	NA	274.73	4.92	14.57	7.61	1.88	475.9	31.59	25.08	30.79	4.64	8.64	649.53	19.03	19.89
AMNH90235	Rupicapra_rupicapra	NA	311.33	5.14	12.41	8.18	1.98	380.04	31.63	25.51	30.53	4.13	10.12	686.98	19.66	20.83
AMNH90236	Rupicapra_rupicapra	NA	340.43	4.83	14.8	7.42	1.39	497.19	32.23	26.1	31.08	4.73	9	662.01	19.37	20.77
AMNH52875	Cephalophus_dorsalis	F	NA	3.91	11.17	5.36	1.2	272.17	25.37	20.15	23.91	4.19	7.5	358.75	15.43	15.47
AMNH52876	Cephalophus_dorsalis	F	194.55	4.22	10.73	6	2.08	291.75	27.13	20.49	24.79	4.81	8.29	471.34	15.9	15.95
AMNH52884	Cephalophus_dorsalis	F	NA		12.44	6.11	2.01	NA	27.78	21.54	26.46	4.22	8	NA	17	17.17
AMNH52888	Cephalophus_dorsalis	F	NA		11.38	5.92	1.61	NA	26.34	20.77	24.58	3.99	7.42	NA	16.36	16.38
AMNH52775	Cephalophus_leucogaster	F	198.66	3.94	12.31	5.71	1.23	270.38	25.97	20.95	24.87	3.78	7.17	347.19	14.15	14.53
AMNH52778	Cephalophus_leucogaster	F	178.56	4.15	11.88	5.71	1.34	305.35	25.76	20.62	24.21	3.86	6.88	393.16	14.92	14.83
AMNH52788	Cephalophus_leucogaster	F	193.08	3.8	11.47	5.7	1.56	301.14	25.54	20.64	24.33	3.45	7.28	367.75	14.57	15.53
AMNH216375	Cephalophus_natalensis	F	NA	3.53	12.16	5.84	1.19	286.98	26.72	22.47	25.59	3.48	7.84	424.42	15.8	15.88
AMNH54391	Cephalophus_natalensis	F	147.71	3.51	9.91	5.58	0.95	236.58	23.65	19.35	22.61	3.3	7.21	327.79	13.14	14.31
AMNH81686	Cephalophus_natalensis	F	NA	3.44	10.03	5.28	1.34	188.32	23.32	18.29	21.56	3.87	6.33	312.42	13.55	14.05
AMNH83387	Cephalophus_natalensis	F	NA	3.98	11.84	5.67	1.36	258.32	24.93	20.39	24.15	3.32	6.79	363.17	15.58	14.74
AMNH52930	Cephalophus_nigrifrons	F	NA		11.6	5.36	1.32	NA	24.05	19.7	23.12	3.11	6.38	NA	13.7	14.81
AMNH52931	Cephalophus_nigrifrons	F	NA	3.65	11.3	5.7	1.37	244.27	25.29	20.31	23.6	3.81	6.87	302.57	14.35	14.08
AMNH52940	Cephalophus_nigrifrons	F	NA		11.36	5.29	1.24	NA	24.72	19.65	23.11	3.84	6.59	NA	14.36	15.26
AMNH52943	Cephalophus_nigrifrons	F	NA		11.62	5.77	1.42	NA	24.44	20.05	23.35	3.16	6	NA	12.88	14.59
AMNH53138	Cephalophus_silvicultor	F	504.11	6.94	16.2	9.13	2.04	771.28	40.03	31.09	34.01	6.81	12.14	1039.18	23.99	25.79
AMNH53144	Cephalophus_silvicultor	F	524.81	6.9	18.98	9.5	2.11	803.95	42.49	34	40.06	6.59	11.84	1174.81	25.26	26.36
AMNH53153	Cephalophus_silvicultor	F	429.42	6.94	16.38	8	1.97	566.49	38.1	29.27	35.42	6.82	11.64	940.4	22.63	23.97
AMNH52992	Cephalophus_weynsi	F	197.09	4.36	12.51	5.72	1.75	286.36	27.51	22.12	25.75	3.66	7.8	370.71	13.41	15.33
AMNH52995	Cephalophus_weynsi	F	206.29	4.21	12.18	5.87	1.38	318.75	27.52	22.26	25.68	3.92	7.87	409.34	14.9	15.53
AMNH52999	Cephalophus_weynsi	F	226.3	4.1	13.88	6	1.29	298.86	28.42	23.64	27.52	3.58	7.8	398.92	15.17	15.65
AMNH88429	Cephalophus_weynsi	F	155.44	4.08	11.89	5.56	1.26	265.18	25.71	20.89	24.44	3.58	7.24	340.52	14.31	15.06
AMNH269894	Philantomba_monticola	F	NA	2.36	7.69	3.35	0.91	100.51	16.52	12.95	15.38	2.71	4.45	131.69	9.27	9.68
AMNH52726	Philantomba_monticola	F	NA	2.13	8.26	3.23	0.56	108.7	15.74	13.01	15.31	2.23	4.39	122.42	8.58	9.52
AMNH52753	Philantomba_monticola	F	NA	2.34	7.07	3.63	0.91	92.17	15.81	12.7	15.04	2.23	4.26	NA	9.08	9.09
AMNH52758	Philantomba_monticola	F	72.42	4.12	7.42	3.72	0.74	99.92	16.27	13.25	15.48	2.26	4.5	137.09	9.37	9.75
AMNH53088	Sylvicapra_grimmia	LC	164.19	3.67	9.84	5.5	1.01	219.31	22.68	18.44	21.69	3.24	6.42	281.6	13.06	14.07
AMNH53092	Sylvicapra_grimmia	LC	NA	2.93	10.65	5.2	1.03	241.35	22.9	18.78	21.96	3.21	6.26	302.17	13.59	14.47
AMNH80562	Sylvicapra_grimmia	LC	NA	3.65	11.18	5.62	1.37	233.32	25.06	20.29	23.45	3.67	6.75	378.17	16.24	14.94
AMNH80563	Sylvicapra_grimmia	LC	NA	3.48	11.06	5.5	1.25	233.62	24.89	19.94	23.31	3.71	6.88	381.05	16.12	14.94
AMNH113810	Addax_nasomaculatus	O	525.73	7.5	18.51	11.04	1.75	843.25	44.76	36.82	41.85	6.35	12.5	1401.48	25.89	26.97
AMNH113811	Addax_nasomaculatus	O	446.41	5.63	16.48	11.19	2.45	765.98	42.61	33.35	39.54	6.83	12	1237.05	25.42	27.25
AMNH113812	Addax_nasomaculatus	O	533.34	8.01	18.75	11.38	2.36	856.38	45.35	35.64	42	7.41	12	1378.74	25.55	26.98
AMNH113813	Addax_nasomaculatus	O	545.8	12.3	15.06	11	2.14	685.38	41.64	33.06	38.47	6.5	12.62	1213.05	24.89	26.87
AMNH80143	Hippotragus_equinus	O	924.87	9	20.73	14.5	3.08	1393.84	53.56	41.7	50.66	8.57	15.76	2108.99	34.58	34.3
AMNH87217	Hippotragus_equinus	O	1111.37	9.01	25.41	17.3	4.08	1743.21	65.93	51.4	62.35	10.21	19.78	2872.32	38.06	39.6
AMNH216381	Hippotragus_niger	LC	NA	9.04	23.1	14.27	4.16	1589.88	57.8	44.49	53.2	9.48	16.5	2448.57	38.95	38.2
AMNH80458	Hippotragus_niger	LC	1088.9	9.1	25.16	15.28	3.07	1619.13	61.16	48.55	57.27	9.58	17	2566.2	37.27	36.8
AMNH80461	Hippotragus_niger	LC	NA	9.18	24.18	14.5	2.4	1631.64	60.51	48.48	55.3	9.87	17	2724.97	37.34	37.47
AMNH83476	Hippotragus_niger	LC	NA	8.47	23.1	13.73	3.23	1417.6	56.21	44.1	52.99	8.92	16.5	2125.74	35.27	34.27
AMNH233033	Oryx_gazella	O	NA		19.19	13.38	2.4	NA	52.72	41.94	49.38	9.58	16	NA	35.3	34.99
AMNH82043	Oryx_gazella	O	NA	7.71	22.64	13.5	3.46	1345.61	54.81	42.27	51.45	9.59	15.5	2058.98	36.16	34.22
AMNH82044	Oryx_gazella	O	NA	7.31	20.53	12.24	2.94	1000.99	50	38.81	47.29	9.46	14.5	1666.91	32.57	29.77
AMNH87211	Oryx_gazella	O	868.45	8.77	19.6	13.76	3.73	1236.25	52.7	40.2	48.01	8.74	14.81	1921.99	32.85	31.55
AMNH53492	Kobus_ellipsiprymnus	HC	951.77	10.17	23.01	14.32	2.12	1543.31	58.64	46.49	52.96	9.96	16	2318.97	34	35.64
NMNH173877	Kobus_ellipsiprymnus	HC	906.94	6.81	23.38	12.82	2.9	1259.97	53.57	42.82	51.33	7.83	15.5	1934.89	33.83	35
NMNH21898	Kobus_ellipsiprymnus	HC	858.36	7.67	25.83	13.11	3.14	1311.68	59.39	47.6	54.91	8.79	16.26	2020.46	34.53	35.71
AMNH36396	Kobus_kob	LC	561.84	6.01	18.69	10.61	1.68	886.65	44.15	36.59	41.45	5.61	12.27	1248.81	25.86	26.58
AMNH36397	Kobus_kob	LC	452.34	5.58	19.22	9.68	2.16	776.42	43.25	34.88	39.82	6.27	11.09	1040.56	23.35	25.31
AMNH82129	Kobus_kob	LC	NA	6.49	18.56	10.19	1.26	737.87	41.45	34.75	39.42	5.3	11	1107.86	24.09	25.14
AMNH82130	Kobus_kob	LC	NA	6.21	20.62	10	2.71	905.48	45.17	36.29	42.38	6.34	12	1314.36	27.78	28.52
AMNH82173	Kobus_kob	LC	NA	6.32	17.62	9.26	1.7	633.84	40.95	32.97	38.22	6.28	11.44	1010.56	24.44	24.07
AMNH70010	Kobus_leche	HC	NA		23.3	11	1.41	NA	47.03	39.94	46.37	5.86	12.2	NA	28.44	27.57
AMNH99649	Kobus_leche	HC	583.9	6.41	21.09	10.68	2.28	811.73	45.49	37.22	44.16	6.05	12.5	1271.03	26.22	27.03
NMNH254927	Kobus_leche	HC	530.67	5.02	19.91	10.14	2.61	668.08	43.12	34.95	41.35	5.63	11.5	1188.18	25.01	26.45
AMNH113784	Kobus_megaceros	HC	531.07	5.62	19.13	10.16	2.04	767.83	43.65	34.93	40.8	6.73	11.72	1082.97	25.15	26.18
AMNH82135	Kobus_megaceros	HC	NA	6.95	17.75	10.66	2.21	696.47	43.02	35.49	41.13	5.31	12.72	1204.09	24.47	25.46
AMNH82136	Kobus_megaceros	HC	NA	6.49	19.31	10	2.29	785.74	45.7	36.32	42.31	7.4	13	1350.28	27.38	26.4
AMNH82137	Kobus_megaceros	HC	NA	5.37	17.21	9.72	2.25	681.7	41.33	32.86	38.24	6.42	11.24	1040.22	24.69	25.76
AMNH35323	Kobus_vardonii	HC	567.57	11.06	21.53	10.71	2.06	846.6	46.05	37.84	44.99	6.08	12.79	1384.85	26.7	27.62
AMNH70057	Kobus_vardonii	HC	NA	6.46	21.66	10.5	2.24	864.33	46.17	37.99	44.76	6.13	12.28	1208.32	27.59	27.06
AMNH81687	Kobus_vardonii	HC	509.58	9.23	16.68	9.18	1.52	685.03	40.99	32.88	37.74	6.59	12.31	1174	24.73	25.82
AMNH35493	Redunca_arundinum	LC	425.65	5.81	15.65	9.77	1.81	685.63	39.68	30.44	35.39	7.5	10	995.84	23.07	23.95
AMNH80506	Redunca_arundinum	LC	NA	5.19	15.34	9.32	1.92	561.34	37.89	29.79	35.74	6.21	11	862.6	22.16	22.03
NMNH367428	Redunca_arundinum	LC	389.29	5.59	17.05	9.32	1.73	559.29	38.95	30.48	36.22	6.83	9.91	900.7	22.82	22.57
NMNH367452	Redunca_arundinum	LC	NA		16.75	9.91	1.47	NA	37.96	31.06	36.24	5.37	9.64	NA	24.26	23.54
NMNH469909	Redunca_arundinum	LC	267.55	3.92	12.96	7.39	1.9	366.44	31.7	24.95	29.14	4.89	8.77	596.04	18.65	18.25
AMNH27803	Redunca_fulvorufula	LC	312.66	4.68	15.01	7.5	1.42	482.79	32.27	26.49	31.14	4.4	8.78	628.68	18.99	20.08
AMNH82063	Redunca_fulvorufula	LC	245.24	3.7	14.24	7.13	1.46	384.32	31.4	25.85	29.77	3.93	8.5	615.89	19.09	18.63
AMNH82066	Redunca_fulvorufula	LC	253.82	3.96	12.86	7.5	1.62	379.71	30.41	23.84	28.42	4.89	8.14	584.19	18.42	18.58
AMNH82067	Redunca_fulvorufula	LC	261.04	3.99	13.55	7.12	1.69	411.1	31.45	25.11	29.39	4.64	8.71	614.91	18.72	18.37
AMNH53294	Redunca_redunca	LC	352.09	4.46	15.79	8.73	1.59	589.25	36.48	29.5	33.82	5.39	9.5	807.12	20.31	20.98
AMNH53296	Redunca_redunca	LC	358	5.39	16.91	8.78	1.58	594.95	37.12	30.05	35.38	5.53	9.88	871.68	21.71	20.97
